Project name:G3.2					
Part name:Intermediate shaft					
Part NO.:E3000144Gear23					
Drawing version:AC					
Ser NO.:640700214					
Partner:Shuanghuan					
Factory:Shuanghuan					
Line NO.:Shuanghuan					
Measure device NO.:P40-602371					
Date:20220515					
Time:17:51:00					
Stats counts:0					
FeatureLabel	actural	nominal	uppertol	lowertol	deviation
fzα-L	2.9	0	0	0	2.9
fzα-R	3.4	0	0	0	3.4
fHα-L1T	8.4	0	0	0	8.4
fHα-L1M	8.4	0	0	0	8.4
fHα-L1B	9.2	0	0	0	9.2
fHα-L2	10.5	0	0	0	10.5
fHα-L3	9.9	0	0	0	9.9
fHα-L4	7.6	0	0	0	7.6
fHα-Lαv	9.1	0	0	0	9.1
fHα-R1T	12	0	0	0	12
fHα-R1M	10.5	0	0	0	10.5
fHα-R1B	10.3	0	0	0	10.3
fHα-R2	12.6	0	0	0	12.6
fHα-R3	13.5	0	0	0	13.5
fHα-R4	10.1	0	0	0	10.1
fHα-Rαv	11.7	0	0	0	11.7
ffα-L1T	2	0	0	0	2
ffα-L1M	2.3	0	0	0	2.3
ffα-L1B	2.2	0	0	0	2.2
ffα-L2	2.7	0	0	0	2.7
ffα-L3	2.5	0	0	0	2.5
ffα-L4	2.5	0	0	0	2.5
ffα-Lαv	2.5	0	0	0	2.5
ffα-R1T	1.2	0	0	0	1.2
ffα-R1M	1	0	0	0	1
ffα-R1B	0.8	0	0	0	0.8
ffα-R2	0.9	0	0	0	0.9
ffα-R3	0.9	0	0	0	0.9
ffα-R4	0.9	0	0	0	0.9
ffα-Rαv	0.9	0	0	0	0.9
Cαg-L1T	4.4	0	0	0	4.4
Cαg-L1M	4.3	0	0	0	4.3
Cαg-L1B	4.5	0	0	0	4.5
Cαg-L2	4.3	0	0	0	4.3
Cαg-L3	4.1	0	0	0	4.1
Cαg-L4	4.1	0	0	0	4.1
Cαg-Lav	4.2	0	0	0	4.2
Cαg-R1T	4.5	0	0	0	4.5
Cαg-R1M	4.5	0	0	0	4.5
Cαg-R1B	4.3	0	0	0	4.3
Cαg-R2	4.8	0	0	0	4.8
Cαg-R3	4.2	0	0	0	4.2
Cαg-R4	4.1	0	0	0	4.1
Cαg-Rav	4.4	0	0	0	4.4
Ca-L1T	-9	0	0	0	-9
Ca-L1M	-9.1	0	0	0	-9.1
Ca-L1B	-9.4	0	0	0	-9.4
Ca-L2	-9.8	0	0	0	-9.8
Ca-L3	-9.7	0	0	0	-9.7
Ca-L4	-9.7	0	0	0	-9.7
Ca-Lav	-9.6	0	0	0	-9.6
Ca-R1T	-9.4	0	0	0	-9.4
Ca-R1M	-9.5	0	0	0	-9.5
Ca-R1B	-9.6	0	0	0	-9.6
Ca-R2	-9.4	0	0	0	-9.4
Ca-R3	-9.3	0	0	0	-9.3
Ca-R4	-9.2	0	0	0	-9.2
Ca-Rav	-9.4	0	0	0	-9.4
Bias-L	0.8	0	0	0	0.8
Bias-R	-1.7	0	0	0	-1.7
fzβ-L	6.3	0	0	0	6.3
fzβ-R	9.2	0	0	0	9.2
fHβ-L1T	-13.5	0	0	0	-13.5
fHβ-L1M	-13	0	0	0	-13
fHβ-L1B	-12.9	0	0	0	-12.9
fHβ-L2	-16.7	0	0	0	-16.7
fHβ-L3	-17.2	0	0	0	-17.2
fHβ-L4	-10.9	0	0	0	-10.9
fHβ-Lav	-14.5	0	0	0	-14.5
fHβ-R1T	-11.9	0	0	0	-11.9
fHβ-R1M	-10.3	0	0	0	-10.3
fHβ-R1B	-10.2	0	0	0	-10.2
fHβ-R2	-16.1	0	0	0	-16.1
fHβ-R3	-19.5	0	0	0	-19.5
fHβ-R4	-13.5	0	0	0	-13.5
fHβ-Rav	-14.9	0	0	0	-14.9
ffβ-L1T	0.4	0	0	0	0.4
ffβ-L1M	0.6	0	0	0	0.6
ffβ-L1B	0.6	0	0	0	0.6
ffβ-L2	0.5	0	0	0	0.5
ffβ-L3	0.7	0	0	0	0.7
ffβ-L4	0.7	0	0	0	0.7
ffβ-Lav	0.6	0	0	0	0.6
ffβ-R1T	0.5	0	0	0	0.5
ffβ-R1M	0.7	0	0	0	0.7
ffβ-R1B	0.5	0	0	0	0.5
ffβ-R2	0.8	0	0	0	0.8
ffβ-R3	0.5	0	0	0	0.5
ffβ-R4	0.5	0	0	0	0.5
ffβ-Rav	0.6	0	0	0	0.6
Cβ-L1T	3.9	0	0	0	3.9
Cβ-L1M	3.6	0	0	0	3.6
Cβ-L1B	3.5	0	0	0	3.5
Cβ-L2	3.9	0	0	0	3.9
Cβ-L3	3.4	0	0	0	3.4
Cβ-L4	4.2	0	0	0	4.2
Cβ-Lav	3.8	0	0	0	3.8
Cβ-R1T	4.3	0	0	0	4.3
Cβ-R1M	3.6	0	0	0	3.6
Cβ-R1B	3.3	0	0	0	3.3
Cβ-R2	3.5	0	0	0	3.5
Cβ-R3	4	0	0	0	4
Cβ-R4	2.9	0	0	0	2.9
Cβ-Rav	3.5	0	0	0	3.5
Bd-L	0.6	0	0	0	0.6
Bd-R	1.7	0	0	0	1.7
fpmax-L	1.3	0	0	0	1.3
fpmax-R	1.5	0	0	0	1.5
fu-L	1.1	0	0	0	1.1
fu-R	1.4	0	0	0	1.4
Fp-L	6.5	0	0	0	6.5
Fp-R	7.8	0	0	0	7.8
Fr	6.8	0	0	0	6.8
MDK-max	55.982	0	0	0	55.982
MDK-min	55.979	0	0	0	55.979
